 0	0	0	0	0	0	0	0	0	0	0	0	0	0	0	0	0	0	0	0	0	0	0	0	0	0	0	0	0	0	0
0	0	0	0	0	0	0	0	0	0	0	0	0	0	6	0	0	0	25	1	0	0	0	0	0	0	0	0			
0	0	0	0	0	0	0	0	0	0	0	0	0	0	0	0	0	0	0	0	0	0	0	0	0	0	0	0	0	0	0
0	0	0	0	0	0	0	0	0	0	0	6	0	0	0	0	0	0	0	0	0	0	0	0	0	0	45	15	0	19	
0	0	2	0	0	0	0	0	0	0	0	0	0	28	0	5	17	3	24	0	1	30	5	0	32	1	4	16	38	0	22
0	41	0	23	0	47	63	1	0	0	2	33	2	18	34	31	0	0	0	10	0	0	1	0	0	0	0	1	4	8	
2	46	15	6	1	27	2	8	4	0	24	51	9	0	32	0	0	1	4	8	8	5	0	2	0	0	0	2	40	50	0
1	1	1	0	0	0	2	0	1	5	7	8	1	0	0	0	0	1	0	0	0	22	0	0	2	0	0	0	0	7	0
1	1	0	1	59	38	12	0	0	10	30	1	4	5	15	0	0	0	12	1	1	1	4	6	0	43	16	36	8	0	
0	0	0	0	0	0	26	1	39	5	10	7	0	0	0	0	1	33	118	0	0	0	0	0	0	0	0	0	0	0	0
0	0	0	0	0	0	0	0	0	0	0	0	0	0	0	0	0	0	0	0	0	0	0	0	0	0	0	0	0	0	
0	0	0	0	0	0	0	0	0	0	0	0	0	0	0	0	0	0	0	0	0	0	0	0	0	0	12	0	0	0	0
0	0	0	0	0	0	0	0	0	0	0	0	0	0	0	0	0	0	0	0	0	0	0	0	0	0	0	0	0	0	0
0	0	0	0	0	0	0	0	0	0	0	0	0	0	8	0	0	0	2	0	0	0	12	0	0	14	0	0			
0	3	3	0	0	0	0	0	0	0	0	0	4	0	0	0	0	0	0	0	0	0	3	79	42	12	0	2	3	0	0
33	24	0	1	12	0	0	0	5	0	0	0	0	0	12	0	0	0	0	28	10	0	0	7	0	9	1	0	12	0	
0	0	1	0	29	0	0	0	0	0	0	0	17	9	51	18	0	0	0	10	10	0	34	0	0	11	3	0	1	8	0
0	24	5	0	0	33	0	0	39	24	0	0	40	1	0	11	2	3	3	14	8	1	2	17	1	0	1	0	0	0	
0	2	10	48	52	80	3	16	33	9	11	7	1	6	1	1	22	0	9	9	48	10	2	0	17	26	2	94	39	8	1
0	13	4	36	0	11	14	3	0	0	0	0	0	11	0	20	5	1	0	57	0	7	0	0	0	8	30	6	1	0	0
0	7	0	0	31	7	1	0	0	75	49	0	0	1	0	0	0	9	0	2	0	2	0	0	1	18	0	18	25	1	
1	2	3	33	7	0	0	27	54	54	0	0	0	0	0	0	0	0	0	0	0	0	0	0	0	0	0	0	0	0	0
0	0	0	1	28	6	0	0	0	0	1	67	0	0	0	0	0	0	0	0	0	0	0	0	0	0	0	0	0	0	
0	0	0	0	0	0	0	0	0	0	0	0	0	0	0	0	0	6	0	0	0	0	0	0	0	0	0	0	0	0	0
0	0	2	24	0	0	0	0	0	0	0	0	1	0	0	0	0	0	0	0	0	0	0	0	0	0	0	0	0	0	0
0	0	0	3	5	0	0	0	0	0	0	0	0	0	0	0	0	0	0	0	0	0	0	0	0	0	0	0			
10	0	2	0	0	0	0	0	0	0	0	0	0	14	0	0	0	0	0	0	0	0	0	0	1	0	0	4	12	3	0
19	0	0	0	0	0	0	0	12	2	3	0	0	0	0	0	0	0	0	0	0	0	2	1	0	0	0	0	1	13	
0	0	0	28	0	54	0	0	50	29	0	24	0	36	7	6	9	66	14	0	0	49	11	0	0	0	1	123	6	10	6
6	57	26	0	0	11	10	0	0	5	1	67	36	19	11	2	27	23	5	0	0	0	0	0	5	0	0	0	0	9	
0	6	0	19	42	40	20	0	7	5	0	0	0	0	0	0	1	27	23	37	10	22	11	0	2	0	0	0	0	31	15
1	9	52	32	14	17	0	0	3	2	0	2	0	2	1	29	3	6	0	0	0	6	12	27	3	53	12	4	1	0	54
10	6	64	29	69	9	37	49	8	97	28	0	6	5	47	120	0	0	0	0	0	0	0	0	33	19	53	0	0	3	
0	8	26	28	15	9	30	34	0	0	0	0	52	101	48	0	0	0	0	0	0	0	0	0	10	0	0	0	0	15	16
14	0	0	0	0	0	0	0	0	0	0	0	0	0	0	0	0	0	0	0	0	0	0	0	0	0	0	0	0	0	
0	0	0	0	0	0	0	0	0	0	0	0	0	0	0	0	0	0	0	0	0	0	0	0	34	39	33	0	0	0	0
0	1	0	0	0	0	0	0	0	0	0	0	0	0	0	0	0	0	0	0	0	0	0	0	0	0	0	0	0	0	0
17	0	0	0	0	0	0	23	0	0	0	0	0	0	0	0	0	4	0	0	0	2	0	1	0	0	0	0	0		
0	0	0	0	0	0	0	0	0	0	0	0	0	0	0	0	0	0	0	0	0	0	0	0	0	0	0	0	0	0	0
0	0	0	0	0	0	0	0	0	0	0	0	0	0	0	0	0	0	0	0	0	0	0	0	0	0	25	0	0	0	
10	16	10	3	0	0	2	0	0	0	0	0	0	0	8	0	1	9	0	1	22	3	0	0	0	7	9	7	0	0	45
0	0	0	0	0	0	0	0	14	0	5	0	15	7	0	0	33	0	1	1	3	0	7	25	19	0	0	2	0	0	
0	0	6	37	7	28	0	15	0	2	12	47	0	0	0	4	66	10	2	67	20	12	0	18	0	2	9	9	7	0	6
14	7	7	4	0	1	90	1	4	0	0	0	0	3	0	2	0	0	0	1	3	11	2	9	0	3	8	3	9	0	0
0	0	2	0	0	0	2	0	2	0	15	21	43	0	1	0	1	0	1	0	0	0	0	0	0	10	4	4	52	0	
0	0	0	0	0	1	4	0	0	0	6	0	0	8	26	1	29	0	0	0	4	4	0	0	0	0	0	0	0	0	0
0	0	0	0	0	0	0	0	0	0	0	0	0	0	0	0	0	0	0	0	0	0	0	0	2	0	0	0	0	0	
0	0	0	0	0	0	0	0	0	0	0	0	0	0	0	0	0	0	0	0	0	0	0	0	0	0	0	0	0	0	0
0	0	0	0	0	0	0	0	0	0	0	0	0	0	0	0	0	0	0	0	0	0	0	0	0	0	0	0	0	0	0
0	8	0	0	0	0	0	0	0	0	0	0	0	0	0	0	0	0	22	21	0	1	0	0	0	0	0	0			
0	0	0	0	0	0	0	0	0	0	0	0	0	0	1	0	0	0	0	0	0	0	23	1	0	11	52	0	0	0	0
0	0	0	0	0	0	0	0	5	0	16	19	7	0	0	6	15	0	0	0	0	0	0	26	0	0	17	0	2	0	
7	42	99	25	1	4	20	42	0	92	0	15	21	41	0	21	44	6	53	0	2	0	0	0	0	0	0	0	6	13	2
0	18	28	2	0	0	30	0	99	0	0	24	11	0	1	13	38	52	120	6	0	0	1	1	0	47	10	0	0	3	
1	15	54	3	0	14	28	4	0	13	4	3	2	2	3	28	23	7	0	18	72	63	18	24	14	0	2	3	0	0	3
0	8	0	4	12	17	3	1	9	38	0	5	6	2	1	0	9	3	1	17	28	35	27	115	68	15	0	8	0	0	0
44	31	140	43	0	3	0	0	2	0	0	0	2	6	9	4	3	0	0	1	1	0	4	22	0	26	0	1	21	54	
0	1	0	9	4	5	34	0	0	4	0	12	2	27	13	28	22	0	25	7	23	0	0	0	0	0	0	0	0	0	1
3	0	0	15	0	0	0	0	0	0	0	0	0	0	0	0	0	0	1	0	0	0	0	0	0	0	0	0	0	0	
0	0	0	0	0	0	0	0	0	0	0	0	0	0	0	0	0	0	0	0	0	0	0	0	0	0	0	0	0	0	0
0	0	0	0	0	0	0	0	0	0	0	0	0	0	0	0	2	0	0	0	0	0	0	0	0	0	0	0	0	0	11
3	7	8	0	0	0	0	0	0	1	0	0	0	0	0	0	0	0	0	0	0	19	16	0	0	0	0	0			
0	0	0	0	0	0	0	0	0	0	0	0	0	0	0	0	0	0	0	0	0	0	0	0	0	0	0	37	10	47	21
0	14	19	0	0	0	0	0	0	0	0	0	0	0	0	0	0	1	0	51	30	56	21	0	9	0	0	0	0	0	
0	0	0	0	0	0	7	0	11	0	8	0	0	0	0	6	31	40	43	0	49	0	1	0	0	53	2	0	0	0	3
0	0	0	2	4	12	0	3	5	0	5	10	3	1	0	3	14	34	6	1	0	0	0	1	0	10	0	26	74	52	
0	1	9	0	11	0	65	19	0	0	7	0	10	0	0	14	5	3	0	0	8	0	0	1	0	0	0	0	0	0	0
0	3	10	3	5	3	14	1	5	1	12	59	10	13	10	11	0	0	3	3	0	36	5	8	9	0	1	5	0	0	16
12	0	0	0	6	10	0	0	54	18	44	0	15	0	0	0	0	4	0	6	0	0	0	0	0	0	0	0	0	0	
0	0	0	0	12	22	5	9	3	4	0	0	0	0	0	0	0	0	0	0	0	0	0	0	0	0	0	0	0	0	0
0	14	0	0	0	0	0	0	0	0	0	0	0	0	0	0	0	0	0	0	0	0	0	0	0	0	0	0	0	0	
0	0	0	0	0	0	0	0	0	0	0	0	0	0	0	0	0	0	0	0	0	0	0	0	0	0	0	0	0	0	0
0	0	0	0	0	0	0	0	2	4	0	0	0	0	0	0	0	2	0	0	0	0	0	0	0	0	0	0	0	0	0
0	0	0	0	0	0	0	0	0	0	0	0	0	0	0	2	0	0	14	0	0	0	0	15	0	0	0	0			
0	0	0	0	0	0	0	0	0	0	0	0	0	0	0	0	0	0	0	0	0	0	0	0	0	0	0	0	0	0	0
0	0	0	0	0	0	0	0	45	31	0	1	4	0	2	5	0	0	0	0	0	0	0	0	0	0	0	0	0	0	
0	0	0	0	0	3	0	0	3	0	0	0	0	0	11	71	76	72	0	0	0	3	16	0	0	9	0	0	0	0	0
0	0	0	0	1	0	6	0	0	0	4	2	13	33	0	0	19	78	49	5	0	9	0	8	3	2	0	0	3	2	
0	0	46	20	56	14	15	0	0	7	3	20	3	0	2	3	0	0	0	1	1	7	7	7	1	0	55	40	4	17	25
2	2	0	10	13	22	0	20	3	1	0	0	70	83	36	5	1	0	5	47	7	1	0	0	1	0	12	10	8	0	1
0	4	13	13	1	14	0	0	0	6	0	0	1	0	0	0	7	33	6	13	35	0	0	0	1	16	23	1	11	7	
0	0	0	0	3	0	1	0	34	0	0	1	0	0	0	0	0	0	0	6	0	43	0	0	0	0	0	0	0	0	3
2	0	0	0	0	0	0	0	0	75	25	0	0	0	0	0	0	0	0	0	0	0	0	0	2	8	0	0	0	0	
0	0	0	0	0	0	0	0	0	0	0	0	0	0	0	0	0	0	0	0	0	0	0	1	0	0	0	0	0	0	0
0	0	0	0	0	0	0	0	0	0	0	0	0	0	0	0	0	0	0	0	0	0	0	0	0	0	0	0	0	0	0
0	0	0	0	0	0	0	0	0	0	0	0	0	0	0	0	0	0	0	0	1	0	0	0	4	0	14	2	0		
0	0	0	0	0	0	0	0	0	0	0	0	0	0	0	0	0	0	0	0	0	0	8	0	0	0	46	0	0	0	0
1	0	0	0	0	0	0	0	0	0	0	0	0	0	0	0	0	0	43	7	0	0	52	56	5	19	0	0	14	2	
0	12	0	0	0	0	0	0	0	0	0	57	4	4	17	19	0	0	8	6	0	0	0	0	0	0	0	9	0	15	57
0	20	37	27	16	0	0	12	0	17	0	47	1	0	1	14	0	0	0	3	20	52	16	6	23	8	22	0	0	1	
16	18	62	13	0	2	11	0	0	1	1	0	0	0	0	0	1	0	0	0	6	5	0	1	3	0	40	27	9	5	36
42	6	4	17	10	10	28	6	7	7	0	5	0	30	1	1	1	31	6	8	30	53	2	0	0	1	0	0	12	30	13
0	14	2	30	9	1	6	1	2	0	0	1	3	0	0	0	46	9	13	8	7	16	4	0	0	0	52	5	14	1	
0	11	3	3	0	125	1	0	0	0	0	0	0	0	0	0	0	0	0	0	0	0	0	0	0	0	37	27	150	0	0
0	0	0	0	0	0	0	0	0	0	0	0	0	0	0	0	0	0	0	0	0	0	0	0	0	0	0	0	0	0	
0	0	0	0	0	0	0	0	0	0	0	0	0	0	0	0	0	0	0	0	0	0	0	0	0	0	0	0	0	0	0
0	0	0	0	0	0	0	0	0	0	0	0	0	0	0	0	0	0	0	0	0	2	0	0	0	0	0	0	0	0	0
1	0	0	0	0	0	0	0	0	0	0	0	0	0	0	0	0	0	0	4	2	0	0	0	0	0	0	0			
2	0	0	0	0	0	0	0	0	0	0	0	0	0	1	0	0	0	0	0	0	0	3	0	6	0	0	0	0	48	22
0	0	0	0	0	5	0	6	0	0	0	0	8	0	0	38	0	0	0	0	0	0	16	11	0	13	0	3	33	0	
0	14	0	0	5	0	0	2	0	0	3	0	0	0	0	0	0	0	0	1	9	0	0	10	39	7	2	18	38	3	0
0	1	0	0	0	0	28	4	18	23	0	0	0	0	0	0	0	0	0	63	31	0	3	0	20	6	4	11	35	2	
31	0	17	5	0	6	0	3	8	70	68	17	81	23	0	0	0	0	12	11	33	44	0	0	0	0	17	71	22	1	9
6	0	5	0	22	5	0	4	26	19	21	15	21	17	1	4	0	0	2	0	5	2	2	3	0	0	0	7	16	13	14
2	9	0	3	8	35	28	2	0	0	0	6	19	27	0	6	27	0	0	0	0	27	26	121	0	12	42	1	0	39	
0	2	0	0	0	0	0	0	2	26	0	0	0	0	0	0	0	0	0	0	0	0	0	0	0	0	0	0	0	0	0
0	0	0	0	0	0	0	0	0	0	0	0	0	1	0	0	0	0	0	0	0	0	0	0	0	0	0	0	0	0	
0	0	0	0	0	0	0	0	0	7	15	0	0	0	0	0	0	0	0	0	0	0	0	0	0	0	0	0	0	0	0
0	0	0	0	0	0	0	0	0	0	0	0	0	0	0	0	0	0	0	0	18	30	0	0	0	0	0	0	1	0	0
0	0	0	0	0	0	0	0	0	0	0	0	0	0	0	0	0	0	1	0	0	0	0	0	0	2	1	0			
0	0	0	0	0	0	0	30	0	0	0	0	0	1	0	0	0	0	0	0	0	0	3	6	30	0	0	0	0	0	13
0	0	0	0	0	0	26	0	17	1	0	0	0	0	0	7	0	3	0	15	52	2	2	35	0	0	1	0	17	0	
0	11	5	28	9	31	0	3	0	0	5	0	0	0	0	0	0	0	0	0	0	0	0	0	7	0	56	105	118	24	3
0	0	2	2	1	0	0	0	0	0	18	0	0	7	0	1	0	0	1	0	0	0	0	15	11	7	15	2	7	0	
0	0	1	6	14	8	8	8	2	1	13	12	49	76	53	60	4	85	19	23	0	38	21	2	3	3	0	0	7	5	0
0	0	27	7	12	7	5	5	1	0	18	1	91	117	21	0	8	122	1	5	0	0	0	42	19	10	11	4	0	0	18
0	0	23	1	9	19	2	0	5	8	1	6	0	25	14	0	37	11	0	5	6	44	0	0	0	0	0	24	0	6	
0	2	0	44	2	0	0	0	0	0	0	1	0	0	0	10	18	0	1	10	9	1	0	0	0	0	0	0	0	0	2
0	1	0	0	0	0	0	0	0	0	0	0	0	0	0	0	0	0	0	0	0	5	66	11	0	0	0	0	0	0	
0	0	0	0	0	0	0	0	0	0	0	0	0	0	0	0	0	0	0	0	0	0	0	0	0	0	0	0	0	0	0
0	0	0	0	0	0	0	0	0	0	0	0	0	0	0	0	0	0	0	0	0	0	0	0	0	0	0	0	0	0	0
0	0	0	0	0	0	0	0	0	0	0	0	0	0	0	0	0	0	0	0	0	0	0	0	0	0	0	0			
0	0	0	0	0	0	0	0	0	0	0	0	0	0	0	0	0	0	0	0	0	0	0	0	0	0	0	0	0	0	0
0	0	0	0	0	0	0	0	1	1	1	0	0	0	0	0	0	0	18	0	0	0	0	0	0	0	0	0	0	0	
0	0	0	0	0	14	53	0	38	4	0	1	21	16	141	28	0	0	0	0	26	4	37	1	0	0	0	2	17	25	0
0	0	1	0	0	0	9	0	0	11	21	7	1	0	0	0	0	0	2	0	31	2	97	16	10	91	11	9	17	12	
101	11	2	0	0	0	13	0	0	69	48	107	12	2	0	1	1	2	3	84	28	5	0	1	0	6	3	7	8	24	15
1	2	0	3	0	3	1	2	3	13	28	0	28	11	6	31	4	0	3	8	1	5	0	0	0	9	32	72	7	3	6
24	0	0	0	0	0	0	36	5	4	10	0	1	0	0	4	0	10	40	1	41	125	39	17	2	0	0	2	0	0	
2	7	1	27	0	0	62	0	0	0	0	0	0	1	44	0	5	48	60	39	51	6	0	0	0	0	0	0	0	0	15
0	0	13	0	0	0	0	0	0	0	0	0	0	0	0	0	0	0	0	0	0	0	0	0	0	0	0	0	0	0	
0	0	0	0	0	0	0	0	0	0	0	0	0	0	0	0	0	0	0	0	0	0	0	0	0	0	0	0	0	0	0
0	0	0	0	0	0	0	0	0	0	0	0	0	0	0	1	0	0	0	0	0	2	0	7	0	0	0	0	1	2	0
0	0	0	0	1	38	5	0	0	0	0	0	0	0	0	0	0	0	0	0	0	0	0	0	0	0	0	0	0		
0	0	0	0	2	0	0	0	0	0	0	0	54	107	9	0	0	0	0	0	0	0	0	0	0	0	0	0	0	0	0
0	0	0	0	0	0	0	0	0	0	0	1	0	0	31	14	0	3	0	0	29	2	7	0	28	20	31	0	14	9	
0	58	1	0	0	11	0	0	0	0	0	0	0	0	0	0	0	7	0	65	152	2	49	1	6	43	52	90	23	0	48
1	0	0	0	0	1	12	0	17	4	23	8	0	0	0	1	28	2	4	11	4	7	7	4	20	0	0	0	0	11	
0	0	0	0	0	0	1	27	6	25	0	0	7	6	7	3	0	1	18	10	11	47	6	11	3	0	8	0	0	0	0
4	133	126	3	10	2	0	0	0	1	0	5	4	23	24	0	3	0	1	0	5	0	0	0	0	5	0	5	0	2	3
73	0	1	0	0	1	0	4	5	12	12	0	0	0	5	18	0	3	16	30	24	0	0	12	0	0	0	0	0	0	
5	9	0	0	2	0	0	15	0	18	5	0	0	0	0	0	0	0	0	0	5	0	0	0	0	0	5	55	158	1	0
0	0	0	0	0	0	0	0	0	0	0	0	0	0	0	0	0	0	0	0	0	0	0	0	0	0	0	0	0	0	
0	0	0	0	0	0	0	0	0	0	0	0	0	0	0	0	0	0	0	0	0	0	0	0	0	0	0	0	0	0	0
0	0	0	0	0	0	0	0	0	0	0	0	0	0	0	0	0	0	0	0	0	0	0	0	0	0	0	0	0	0	0
0	0	0	0	0	0	0	0	0	0	0	0	0	0	0	0	0	0	0	0	0	1	0	0	0	0	0	0			
1	0	0	0	0	0	0	0	0	0	0	0	0	0	0	0	0	7	0	0	0	0	1	0	0	0	0	0	23	0	1
0	10	6	0	0	0	0	0	0	0	0	0	0	0	0	4	0	22	0	0	0	0	0	0	0	0	0	0	4	0	
18	0	48	10	6	4	0	71	52	8	32	0	0	0	0	0	0	0	0	6	40	0	27	7	0	0	23	0	0	49	1
17	0	5	20	16	61	10	23	0	7	0	18	4	6	49	6	59	6	16	29	11	1	0	0	0	0	3	9	1	9	
40	0	1	0	0	0	0	1	0	1	3	8	11	15	0	0	0	2	0	0	21	4	12	1	12	26	5	4	10	23	2
45	0	13	0	12	9	0	5	58	0	4	5	1	5	0	5	2	6	0	10	1	0	4	1	3	10	1	1	0	4	0
13	6	0	0	0	0	15	0	19	10	2	11	1	23	0	0	2	54	7	0	0	0	0	19	25	0	0	0	0	2	
7	3	14	13	10	6	0	0	11	6	0	0	0	8	10	1	1	21	54	0	0	0	0	0	0	0	0	1	0	0	11
0	0	0	0	0	0	3	1	0	0	1	6	3	0	0	0	0	0	1	3	0	0	0	0	0	0	0	0	0	0	
0	0	0	0	0	0	0	0	0	0	0	0	0	0	0	0	0	0	0	0	0	0	0	0	0	0	0	0	0	0	0
0	0	0	0	0	0	0	0	0	0	0	0	0	0	0	0	0	0	0	0	0	0	14	2	0	0	0	0	5	1	0
0	0	0	0	0	0	0	0	0	0	0	0	0	0	0	0	0	0	0	0	0	0	2	0	0	2	0	0			
0	0	1	1	0	0	0	0	0	0	0	0	0	0	0	0	0	0	0	0	0	0	0	5	9	15	8	12	0	0	0
0	0	23	10	0	15	0	0	17	0	0	0	0	0	0	0	0	0	0	0	0	2	0	0	0	0	19	0	0	25	
8	0	2	4	0	18	62	1	1	3	16	18	0	0	1	0	0	7	0	0	0	3	18	0	0	6	88	10	1	5	0
0	31	47	0	30	0	0	12	0	5	21	1	33	59	33	0	5	8	0	0	1	18	41	7	1	3	7	0	10	0	
26	62	0	42	73	4	7	12	0	0	15	0	0	14	0	9	5	6	18	9	12	71	1	0	21	0	0	1	37	0	1
0	18	20	4	2	0	2	1	1	3	46	14	2	43	3	16	4	17	5	2	0	13	2	1	0	1	9	6	37	0	0
0	0	0	16	0	0	42	0	1	1	2	0	0	0	0	9	0	0	0	0	0	11	1	2	7	26	2	35	0	1	
3	0	0	0	0	0	0	0	1	4	1	6	0	0	7	0	0	0	17	13	0	0	0	0	0	0	0	0	0	0	0
0	0	0	0	0	0	0	0	0	0	0	18	18	0	0	0	0	0	0	0	0	0	0	0	0	0	0	0	0	0	
0	0	0	0	0	0	0	0	0	0	0	0	0	0	0	0	0	0	0	0	0	0	0	0	0	0	0	0	0	0	0
0	0	0	0	0	0	0	0	0	0	0	0	0	0	0	0	0	0	0	0	0	0	0	0	0	0	0	0	0	0	0
0	0	0	0	0	0	0	0	0	0	0	7	13	4	0	0	0	0	0	1	0	0	0	0	0	0	0	0			
0	0	0	0	0	0	0	0	0	0	0	0	9	0	13	1	37	1	0	7	0	1	0	0	0	0	12	0	0	0	15
11	0	0	0	1	0	0	0	0	0	0	0	0	0	44	0	0	0	0	0	13	6	16	0	0	0	0	0	5	27	
0	0	52	0	0	0	18	0	17	2	0	0	2	0	0	1	0	0	0	0	25	0	1	0	14	0	0	8	0	0	0
0	0	0	0	6	93	0	45	0	8	0	10	0	0	66	0	0	3	0	2	13	86	11	14	0	0	1	61	17	37	
22	0	0	5	12	3	8	3	14	0	3	15	7	0	2	1	2	0	0	0	0	0	0	5	8	30	0	4	23	20	4
2	5	0	0	0	0	0	0	0	4	22	23	67	8	3	0	0	0	18	4	0	9	7	6	1	0	0	0	7	13	3
3	19	7	5	0	0	8	4	0	2	2	11	29	15	0	8	1	3	2	4	4	11	6	1	3	50	61	0	0	5	
0	0	15	1	0	0	16	16	37	15	4	0	0	0	0	0	0	0	4	0	0	0	0	0	0	1	11	14	0	0	0
0	0	0	0	0	0	0	0	0	0	0	0	0	0	0	0	0	0	0	0	0	0	0	0	0	0	0	0	0	0	
0	0	0	0	0	0	0	0	0	0	0	0	0	0	0	0	1	1	39	0	0	0	0	0	0	0	0	0	4	0	0
0	0	0	0	0	0	0	0	0	0	0	0	0	0	0	0	0	0	0	0	0	0	0	0	0	0	0	0	0	0	0
0	0	0	0	0	0	0	0	0	0	0	0	0	0	0	0	0	0	0	0	0	0	0	0	0	0	0	0	0		
0	0	0	0	0	0	0	1	0	2	6	0	0	0	0	0	0	0	0	0	0	0	0	0	0	0	0	0	0	0	0
0	2	0	0	23	0	35	0	0	5	14	0	0	0	0	0	0	0	28	0	0	0	0	56	0	0	3	1	0	0	
0	0	0	0	0	0	0	0	0	0	0	0	0	13	0	0	0	0	0	0	39	16	48	7	1	0	0	8	0	0	30
0	0	15	13	0	0	29	0	0	0	1	29	6	39	1	0	67	0	49	21	4	39	21	70	13	25	25	7	1	1	
0	2	13	9	14	10	12	18	6	6	0	18	12	0	6	32	5	1	13	60	2	8	0	2	16	6	1	2	2	16	3
3	0	2	5	22	9	6	0	13	4	1	9	15	8	1	0	0	0	0	9	0	1	0	1	0	31	0	50	0	0	1
6	0	7	11	22	1	0	0	3	9	32	29	156	341	23	51	20	0	20	0	0	31	12	0	0	21	2	3	13	26	
0	1	1	7	5	8	53	113	0	0	0	0	0	20	0	0	0	0	0	0	0	0	0	0	0	0	0	0	0	0	0
0	0	0	0	0	0	0	0	0	0	0	0	0	0	0	0	0	0	0	0	0	0	0	0	0	0	0	0	0	0	
0	0	0	0	0	0	0	0	0	0	0	0	0	0	0	0	0	0	0	0	0	0	0	0	0	0	0	0	0	0	0
0	0	0	0	0	0	0	0	0	0	0	0	0	0	0	0	0	0	1	0	0	0	0	0	0	0	0	0	0	0	0
0	0	0	0	0	0	0	0	0	0	0	0	0	0	0	0	0	0	0	2	0	1	0	0	0	0	0	0			
0	0	0	0	0	0	0	0	0	0	0	0	0	0	0	0	0	0	0	2	0	0	4	46	11	0	0	0	0	0	92
5	0	0	3	0	0	0	0	0	0	0	0	0	0	0	0	0	0	0	0	1	0	0	0	6	23	45	1	0	7	
0	0	0	0	6	16	0	0	0	10	0	0	8	38	0	0	10	63	0	38	0	28	72	0	2	0	0	0	0	0	0
0	0	0	1	1	84	0	10	0	0	6	0	0	11	52	2	21	1	0	0	0	1	25	12	5	0	3	10	14	0	
0	59	101	61	21	18	0	0	0	5	5	16	1	122	33	25	0	0	0	11	28	4	5	2	11	2	0	0	0	5	7
0	0	1	0	13	22	1	4	26	71	22	25	68	1	1	7	19	8	6	2	10	6	12	6	30	0	0	0	0	0	0
30	1	0	0	0	12	0	67	18	11	14	1	0	20	0	0	0	0	0	128	64	1	8	7	61	2	4	35	30	0	
91	41	18	42	3	6	0	0	4	0	0	0	0	0	0	0	4	31	16	10	36	16	28	71	0	0	0	0	0	0	0
0	0	0	0	0	0	0	0	0	3	0	0	0	0	0	0	0	0	0	0	0	0	0	0	0	0	0	0	0	0	
0	0	0	0	0	0	0	0	0	0	0	0	0	0	0	0	0	0	0	0	0	0	0	0	0	0	0	0	0	0	0
0	0	0	0	0	0	0	0	0	0	0	0	0	0	0	0	0	0	0	0	0	0	0	0	0	0	0	0	0	0	0
0	0	0	0	0	0	0	0	0	0	0	0	0	0	0	0	0	0	0	0	0	0	0	0	0	0	0	0			
0	0	0	0	0	0	0	0	0	0	0	0	0	0	0	0	0	0	0	0	0	0	0	0	0	0	0	0	0	0	0
0	0	0	0	102	38	3	1	0	0	0	0	0	24	0	0	0	1	6	0	0	2	4	0	0	0	0	0	0	0	
0	0	0	0	0	0	10	14	1	2	21	14	40	1	0	0	0	0	0	0	0	3	0	2	18	0	36	4	12	6	1
24	2	35	36	11	2	4	0	2	40	58	0	0	0	2	4	71	0	14	14	2	4	0	0	0	0	0	0	1	0	
2	1	0	8	4	19	58	33	1	22	8	91	0	0	0	0	10	2	8	28	2	2	0	0	0	0	0	12	6	9	5
1	1	0	0	0	35	2	1	4	29	1	0	0	1	4	0	0	1	0	17	34	0	11	6	0	1	0	1	8	8	1
7	0	17	0	0	0	0	0	35	0	40	185	12	0	8	0	0	0	15	5	25	114	86	99	0	0	0	0	14	1	
1	0	2	0	0	0	20	0	0	0	0	1	7	13	4	0	1	9	0	0	3	0	0	0	0	0	0	0	0	0	0
0	2	0	0	0	0	0	0	0	0	0	1	0	0	0	0	0	0	0	0	0	0	0	0	0	0	2	0	0	0	
0	0	0	0	0	0	0	0	0	0	0	0	0	0	0	0	0	0	0	0	0	0	0	0	0	0	0	0	0	0	0
0	0	0	0	0	0	0	0	0	0	0	0	0	0	0	0	0	0	0	0	0	0	0	0	0	0	0	0	0	0	0
0	0	0	0	10	0	0	3	4	0	0	0	0	9	4	0	0	0	0	0	0	0	0	0	0	0	0	0			
0	9	1	0	0	0	0	0	0	0	0	0	0	0	0	0	0	0	0	0	0	0	1	0	0	0	0	0	0	0	0
0	0	0	0	0	0	0	0	0	0	0	2	1	0	0	0	0	0	20	0	0	15	63	23	3	0	35	1	0	0	
0	0	0	0	0	0	2	21	0	7	0	2	1	0	2	1	0	1	1	64	50	4	0	0	29	0	0	0	0	0	0
0	20	0	1	61	34	27	102	3	18	152	30	13	0	0	36	52	19	0	0	22	0	30	2	0	0	0	1	3	2	
0	18	1	6	6	17	1	19	12	0	18	0	0	0	15	70	25	2	15	16	32	72	136	80	41	27	63	9	48	0	4
38	4	0	0	0	8	3	6	10	0	6	9	4	59	9	37	8	61	0	0	29	11	0	0	119	1	63	0	1	1	18
0	1	0	1	18	35	6	15	14	0	57	14	2	0	1	3	0	4	0	1	0	0	0	3	2	2	0	0	0	0	
3	10	0	0	0	0	0	28	142	16	0	0	0	0	2	69	1	0	46	3	0	0	0	0	0	0	0	0	0	0	0
2	1	0	0	12	0	0	0	0	0	0	0	0	0	1	95	0	0	0	0	0	0	0	0	0	0	0	0	0	0	
0	0	0	0	0	0	0	0	0	0	0	0	0	0	0	0	0	0	0	0	0	0	0	0	0	0	0	0	0	0	0
0	0	0	0	0	0	0	0	0	0	0	0	0	0	0	0	0	0	0	0	0	0	0	0	4	12	7	0	0	0	0
0	0	0	0	0	0	0	0	0	2	0	0	0	0	0	0	0	0	0	54	0	0	0	0	0	0	0	0	0		
0	0	0	8	12	0	0	0	0	0	0	0	0	0	0	1	0	0	0	6	6	0	0	0	0	0	0	12	0	0	0
0	0	33	25	0	0	0	0	0	0	0	0	0	25	0	0	0	8	0	0	0	0	0	0	0	0	0	0	0	0	
0	0	5	22	0	15	0	1	23	0	2	0	0	2	0	0	7	0	32	1	0	0	4	0	3	3	68	0	15	0	2
0	0	85	5	22	0	14	0	35	7	1	12	0	0	0	2	1	27	22	10	9	0	0	0	3	0	0	3	111	40	
38	88	1	61	10	3	1	1	1	63	11	56	30	3	28	46	32	4	5	13	59	0	0	0	0	0	3	6	0	0	0
0	4	1	7	2	18	0	0	5	7	65	19	12	8	8	0	5	10	26	48	1	0	0	13	0	0	8	3	39	9	1
0	0	0	2	7	0	0	35	10	0	0	5	1	3	0	26	0	3	12	44	1	34	20	5	0	0	58	13	0	0	
0	0	27	6	1	8	0	0	33	26	0	0	0	0	0	0	0	0	0	0	0	0	0	0	3	47	76	0	0	0	0
0	0	0	0	0	0	0	0	0	0	0	0	0	0	0	0	0	0	0	0	0	0	0	0	0	0	0	0	0	0	
0	0	0	0	0	0	0	0	0	0	0	0	0	0	0	0	0	0	0	0	0	0	0	0	0	0	0	0	0	0	0
0	0	0	0	0	0	0	0	0	0	0	0	0	0	0	0	0	0	0	0	0	0	0	0	0	0	1	0	0	0	0
0	0	0	0	0	0	0	0	0	0	0	0	1	0	0	0	0	0	0	0	0	0	0	0	0	0	0	0			
0	0	0	0	0	0	0	0	0	0	0	0	0	0	0	0	0	0	0	0	0	0	0	0	0	0	0	0	1	38	4
6	0	0	0	0	0	5	0	0	2	0	0	0	0	0	0	0	0	0	1	0	0	0	0	0	0	0	0	0	0	
5	6	6	10	0	0	7	0	0	0	11	3	0	1	0	16	1	9	40	0	0	0	0	0	13	38	0	0	0	2	0
4	0	0	9	0	0	2	36	20	15	0	0	33	0	6	0	0	0	0	0	0	0	0	0	2	0	0	2	26	15	
36	29	40	7	0	0	11	2	5	9	4	0	5	0	0	6	1	0	3	0	0	0	2	2	15	0	89	333	17	41	19
8	0	14	2	0	4	75	3	12	0	0	0	1	1	0	29	7	5	70	55	5	1	0	78	8	0	13	35	0	0	56
0	0	5	2	0	13	2	8	0	19	0	3	0	0	8	45	12	4	16	2	0	44	30	58	0	0	0	4	20	3	
0	0	7	1	18	8	23	7	7	0	0	0	0	0	0	1	0	0	2	0	0	0	0	0	0	0	0	0	0	0	0
0	0	0	0	0	0	0	0	0	0	0	0	0	0	0	0	0	3	1	0	0	0	0	0	0	0	0	0	0	0	
0	0	0	0	0	0	0	0	0	0	0	0	0	0	0	0	0	0	0	0	0	0	0	0	0	0	0	0	0	0	0
0	0	0	0	0	0	0	0	0	0	0	0	0	0	0	0	0	0	0	0	0	0	0	0	0	0	0	0	0	0	0
0	0	0	0	0	0	0	0	0	0	0	0	0	0	0	0	0	0	0	0	0	0	0	0	48	0	0	0			
0	0	0	0	0	0	0	0	0	0	0	0	0	0	0	22	0	0	0	0	0	0	0	0	0	0	0	0	0	0	0
0	0	0	0	0	0	0	0	0	0	0	0	0	0	0	14	0	0	0	0	0	0	0	0	2	0	11	0	10	0	
0	0	27	0	0	2	0	3	0	0	0	0	0	0	29	0	2	0	0	0	70	12	1	0	0	19	1	9	2	0	0
28	0	10	21	49	45	0	0	0	0	0	0	3	0	0	8	0	35	1	0	4	0	0	0	0	3	28	11	50	12	
0	1	19	3	0	16	1	0	6	0	13	2	1	30	1	1	0	0	0	0	0	0	8	0	16	11	0	0	9	20	9
14	23	0	0	31	0	2	0	6	0	5	82	1	1	20	6	3	0	0	65	2	9	0	0	21	34	3	5	0	0	7
1	2	0	3	0	0	13	1	1	1	2	0	4	1	31	1	24	2	5	6	0	0	2	0	15	29	7	0	18	0	
5	0	0	0	0	1	20	27	87	0	0	0	0	0	31	0	0	0	0	0	1	0	0	0	0	2	0	0	0	0	0
0	0	0	0	0	0	0	0	0	0	0	0	0	0	0	0	0	0	0	0	0	0	0	0	0	0	0	0	0	0	
0	0	0	0	0	0	0	0	20	61	0	0	0	0	0	0	0	0	0	0	0	0	0	0	0	0	0	0	0	0	0
0	0	0	0	0	0	0	0	0	0	0	0	0	0	0	0	0	0	0	0	0	0	0	0	0	0	0	0	0	0	0
0	0	0	0	0	0	0	0	0	0	0	0	0	0	0	0	0	0	0	0	0	0	0	0	0	0	0	0			
0	0	0	0	0	0	0	0	0	0	0	0	0	0	0	0	0	0	0	0	0	0	0	0	1	0	14	1	0	0	4
11	0	49	8	5	0	0	0	0	0	0	0	0	0	9	0	9	0	0	5	0	5	0	0	0	0	1	0	21	0	
0	5	0	0	3	23	10	0	0	20	17	25	0	14	0	0	1	1	15	3	0	24	11	17	3	13	0	10	3	17	0
46	0	13	11	0	0	0	0	0	0	9	40	0	1	0	3	13	15	56	0	7	0	0	0	11	2	23	17	19	28	
35	34	7	0	0	1	1	33	7	0	0	7	9	1	21	1	0	25	21	84	23	32	14	0	0	0	0	0	0	0	0
0	0	7	5	2	26	22	9	79	94	15	7	0	11	0	0	32	28	0	5	1	3	12	9	37	3	2	0	0	0	0
1	5	9	0	1	4	0	25	3	1	0	0	0	1	18	36	17	1	10	5	13	0	0	0	11	1	26	19	0	0	
0	40	1	0	0	0	0	0	27	13	5	0	0	0	0	0	0	0	6	2	0	7	11	0	0	0	0	0	0	0	0
0	0	0	0	0	0	0	0	0	0	0	0	0	0	0	0	0	0	0	0	0	0	0	0	0	0	0	0	0	0	
0	0	0	0	0	0	0	0	0	0	0	0	0	0	0	0	0	0	0	0	0	0	0	0	0	0	0	0	0	0	0
0	0	1	0	0	0	1	0	0	7	1	0	0	0	0	0	0	0	0	0	0	0	0	0	0	0	0	0	0	0	0
0	0	0	0	0	0	0	0	0	0	0	0	0	0	0	0	0	0	0	0	0	0	0	0	0	0	0	0	1		
1	0	0	0	0	0	0	0	0	0	0	0	0	0	0	0	0	36	0	0	0	0	0	0	0	0	0	0	0	0	0
0	0	0	0	0	0	62	9	18	9	0	0	40	0	0	11	0	0	52	0	8	29	0	0	0	31	0	0	0	0	
0	53	13	16	6	0	0	0	0	0	0	0	1	0	0	1	10	4	1	1	1	0	0	0	4	0	0	0	2	0	24
3	0	1	0	8	56	0	2	0	0	0	0	0	0	0	0	9	17	42	2	6	0	0	8	7	10	0	0	0	4	
17	7	2	18	29	2	4	0	1	10	1	4	16	6	14	0	0	51	2	2	1	5	5	0	0	0	9	1	18	1	0
11	1	0	9	1	2	6	26	16	0	0	2	54	13	2	0	7	0	1	8	34	40	0	2	24	0	0	21	1	1	0
0	0	1	0	3	23	0	0	0	10	0	1	4	12	2	0	5	8	0	0	0	0	0	0	0	0	0	8	0	4	
0	0	0	2	13	0	0	0	0	2	7	2	1	11	0	0	0	0	0	0	0	0	0	0	0	0	0	0	0	0	0
0	0	0	4	22	18	24	0	0	0	0	0	0	0	0	0	0	0	0	0	0	0	0	0	0	0	0	0	0	0	
0	0	0	0	0	0	0	0	0	0	0	5	0	0	0	0	0	0	0	0	0	0	0	0	0	0	0	0	0	0	0
0	0	0	0	0	0	0	0	0	0	0	0	0	0	0	0	0	0	0	0	0	0	0	0	0	0	0	0	0	0	0
0	0	0	0	0	0	0	0	0	0	0	0	0	0	0	0	0	8	0	0	0	0	0	0	0	0	0	0			
0	0	0	0	0	0	0	0	0	0	0	0	0	8	0	0	0	0	0	0	0	0	17	1	0	0	0	0	0	0	0
2	0	0	0	0	0	0	0	0	0	0	0	0	0	0	0	3	4	0	9	0	0	1	0	0	0	0	13	0	0	
0	0	0	0	4	2	17	18	40	0	0	7	3	19	0	3	75	0	3	0	30	4	1	109	22	0	0	0	1	1	19
12	0	0	0	0	1	37	20	0	0	0	0	0	0	1	0	0	0	0	9	34	11	0	1	1	32	10	14	85	57	
5	0	0	0	28	0	0	0	0	0	1	0	5	6	3	0	1	1	2	41	11	2	0	1	0	5	29	122	35	3	1
4	6	0	17	0	3	20	39	1	1	18	4	4	1	0	30	8	1	0	0	1	11	7	0	0	0	17	5	4	9	1
0	2	1	5	11	4	5	0	0	0	0	3	26	12	0	0	0	12	0	2	0	4	0	0	27	1	20	0	1	2	
5	0	0	4	30	13	3	1	0	0	0	0	4	1	0	6	1	0	0	0	3	35	13	0	0	11	1	0	0	0	0
0	0	0	0	0	0	0	0	0	0	0	0	0	0	0	0	0	0	0	0	0	0	0	0	0	0	0	0	0	0	
0	0	0	0	0	0	0	0	0	0	0	0	0	0	0	0	0	0	0	0	4	0	0	0	0	0	0	0	0	0	0
0	0	0	0	0	0	0	0	0	0	0	0	0	0	0	0	0	0	0	0	0	0	0	0	0	0	0	0	0	0	0
0	0	0	0	0	0	0	0	0	0	0	0	0	0	0	1	8	3	0	0	0	0	0	0	0	0	0	0			
0	0	0	0	0	0	0	0	0	0	0	0	0	0	0	0	0	0	0	0	0	0	10	0	0	0	0	0	0	0	0
0	0	0	54	6	0	1	0	0	0	0	0	0	0	0	0	0	0	0	0	0	0	0	0	0	0	1	0	7	11	
0	15	3	0	0	0	0	22	0	0	1	3	0	15	0	0	0	0	0	0	0	0	0	0	34	20	0	10	18	0	6
5	24	52	15	0	0	0	0	0	0	0	22	0	12	0	21	0	15	0	32	13	25	14	40	19	0	1	9	13	10	
0	0	1	4	5	69	3	0	37	0	2	4	0	1	0	5	8	6	3	0	4	9	8	2	0	0	11	23	3	2	2
1	1	0	5	20	11	23	1	0	0	0	2	23	14	55	10	16	0	17	75	15	0	16	0	0	0	15	9	13	0	49
1	0	0	0	1	0	0	0	0	0	0	0	1	0	0	0	0	5	9	34	37	10	35	0	18	0	4	0	0	1	
0	0	0	0	0	0	2	0	0	0	1	37	0	6	2	0	0	0	0	0	0	0	0	0	0	1	0	0	0	0	0
0	0	0	0	0	0	0	0	0	0	0	0	0	0	0	0	0	0	0	0	0	0	0	0	0	0	0	0	0	0	
0	0	0	0	0	0	0	0	0	0	0	0	0	0	0	0	0	0	0	0	0	0	0	0	0	0	0	0	0	0	0
0	0	0	1	0	0	0	0	0	0	0	0	0	0	0	0	2	0	0	0	0	0	0	0	0	0	0	0	0	0	0
0	0	0	0	0	0	0	0	0	0	0	0	0	0	4	0	0	0	2	11	0	0	0	0	0	0	0	0			
0	0	0	0	4	0	0	0	0	0	0	0	0	0	0	0	0	0	0	0	0	0	0	0	0	0	0	0	0	0	0
0	58	0	2	30	21	0	17	0	0	0	0	0	0	1	0	0	0	15	0	0	0	6	2	0	14	0	0	0	0	
0	0	12	0	0	0	0	8	0	0	1	27	16	0	0	46	1	0	0	0	0	11	0	12	0	0	38	4	1	8	0
0	0	20	0	0	0	0	0	0	1	1	63	8	38	5	8	20	0	1	0	0	3	19	3	9	83	67	26	0	0	
0	4	0	0	5	1	0	29	36	40	38	0	0	0	13	63	14	50	90	33	44	4	2	12	72	1	27	19	13	0	13
74	46	21	10	0	0	0	2	0	0	0	0	1	6	10	0	23	4	7	38	88	8	0	7	0	0	0	2	7	3	38
25	64	36	5	0	5	5	10	0	2	4	9	0	24	0	0	0	0	0	18	60	16	17	46	0	0	0	0	0	0	
0	0	0	2	0	10	0	9	1	0	2	0	18	9	0	0	0	0	0	0	0	0	0	0	0	0	0	0	0	0	0
0	0	0	0	0	0	0	0	0	0	0	0	0	0	0	0	0	0	0	0	0	0	0	0	0	0	0	0	0	0	
0	0	0	0	0	0	0	0	0	0	0	0	0	0	0	0	0	0	1	0	0	0	0	0	0	0	0	0	0	0	0
0	0	0	0	0	0	0	0	0	0	0	0	0	0	0	0	0	0	0	0	3	0	0	0	0	0	0	0	0	0	0
0	0	0	0	0	0	0	0	1	0	0	4	0	0	0	0	0	0	0	0	0	0	0	0	8	0	0	0	0		
0	0	0	0	0	0	17	0	0	0	0	0	0	0	0	0	2	0	19	0	0	0	0	0	0	0	0	0	1	13	3
28	0	2	9	16	0	0	0	0	0	0	0	0	0	0	0	0	0	0	0	0	0	0	0	0	0	0	0	0	0	
0	10	0	0	0	0	0	11	0	2	0	0	17	29	2	0	0	0	22	1	21	52	0	0	5	19	3	4	14	0	0
3	0	0	0	0	0	46	20	0	27	0	75	12	0	3	12	0	4	2	0	0	2	1	0	0	3	2	0	0	0	
2	5	36	58	14	51	30	0	0	0	1	10	0	21	0	22	9	13	8	1	1	3	35	11	3	16	1	0	0	0	54
1	10	4	0	0	1	0	0	1	5	21	3	0	11	2	1	26	0	12	0	2	17	0	0	0	33	0	11	10	0	0
0	2	1	5	11	4	5	0	0	0	0	3	26	12	0	0	0	12	0	2	0	4	0	0	27	1	20	0	1	2	
0	0	0	0	0	0	5	0	0	0	0	1	3	3	0	0	0	0	0	0	0	0	0	0	0	0	0	46	7	10	1
0	0	0	1	3	21	0	0	0	0	0	0	0	0	0	0	0	0	0	0	0	0	0	0	0	0	0	0	0	0	
0	0	0	0	0	0	0	0	0	0	0	0	0	0	0	0	0	0	0	0	0	0	0	0	0	0	0	0	0	0	0
0	0	0	0	0	0	0	0	0	0	0	0	0	0	0	0	0	0	0	0	0	0	0	0	0	0	0	0	0	0	0
0	0	0	0	0	0	0	0	0	0	0	0	0	0	0	0	0	0	0	0	0	0	2	0	0	0	0	0			
0	0	0	0	1	7	0	0	0	0	38	9	0	0	0	0	0	0	8	1	9	0	0	0	0	13	0	0	0	14	0
0	0	0	7	0	37	0	0	0	0	0	0	0	0	0	0	0	0	0	55	1	2	55	18	23	18	0	0	0	12	
2	62	0	0	0	0	1	0	0	0	0	0	0	0	0	90	5	16	0	0	0	0	0	0	0	0	2	0	4	3	3
17	8	21	0	0	5	0	1	0	0	1	30	139	0	37	17	18	44	20	46	0	0	0	0	0	1	0	0	0	9	
1	5	53	25	28	27	7	9	1	0	8	103	24	0	0	0	1	6	5	64	17	2	3	24	49	30	65	0	0	10	17
1	7	24	123	1	1	7	0	0	1	11	43	37	0	19	14	17	1	0	0	0	18	126	16	0	28	48	1	0	0	0
29	0	0	3	0	0	0	0	0	0	55	80	1	7	0	0	0	11	22	13	39	2	0	0	0	5	0	5	94	15	
31	25	0	0	0	0	5	2	1	0	0	0	0	0	61	0	0	0	0	50	149	86	0	0	2	0	0	0	0	0	0
0	0	0	0	0	0	0	0	0	0	0	0	0	0	0	4	2	0	0	0	0	0	0	0	0	0	0	0	0	0	
0	0	0	0	0	0	0	0	4	15	14	0	0	0	0	0	0	0	0	0	0	0	0	0	0	0	0	0	0	0	0
0	0	0	0	0	0	0	0	0	0	0	0	0	0	0	0	0	0	0	0	0	0	0	0	0	0	0	0	0	0	0
0	0	0	0	0	0	0	0	0	0	0	0	0	0	0	0	0	0	0	0	0	0	0	0	0	4	16	0			
0	0	0	0	0	0	0	0	0	0	0	0	0	0	0	0	0	0	0	0	0	0	0	0	0	2	0	0	0	0	1
14	0	0	0	0	0	2	5	0	0	0	8	5	0	42	0	0	50	12	2	17	12	5	0	0	26	32	0	0	77	
32	0	5	0	19	24	4	0	0	14	15	2	0	42	0	22	10	0	31	35	35	19	12	52	1	18	0	0	0	0	0
82	1	2	35	23	0	6	1	0	3	24	0	58	0	0	8	1	1	0	8	0	1	0	62	0	31	3	12	4	0	
0	1	23	43	7	0	0	0	3	1	0	9	9	1	0	3	5	24	0	0	3	15	23	55	60	39	10	10	4	0	6
3	25	25	0	5	19	12	0	0	0	0	0	9	2	3	0	1	2	1	10	10	0	2	6	0	2	2	0	0	2	0
2	0	15	0	4	0	0	0	0	0	0	1	15	3	0	0	0	0	0	23	2	6	3	0	0	0	0	2	0	0	
0	0	0	0	0	0	0	0	0	0	1	1	24	15	0	0	0	0	0	0	0	0	0	0	0	0	0	1	3	0	0
0	0	0	0	0	0	13	0	0	0	0	0	0	0	0	0	0	0	0	0	0	0	0	0	0	0	0	0	0	0	
0	0	0	0	0	0	0	0	0	0	0	0	0	0	0	0	0	12	1	0	0	0	0	0	0	0	0	0	0	0	0
0	0	0	0	0	0	0	0	0	0	0	0	0	0	0	0	0	0	0	0	0	0	0	0	0	1	0	0	0	0	0
0	0	0	0	0	0	0	0	0	0	0	0	0	0	0	0	0	27	0	0	0	0	0	0	0	31	8	49			
5	0	0	0	1	12	0	0	0	0	16	0	0	0	0	0	0	1	0	0	0	0	0	0	0	0	0	4	0	0	0
38	0	19	0	0	1	27	0	59	29	0	3	0	35	0	0	1	0	0	0	0	0	0	0	0	0	0	0	0	0	
20	0	19	60	12	0	0	0	0	0	0	0	0	24	0	1	0	23	0	0	0	0	21	0	41	0	0	10	0	0	0
4	46	20	10	14	50	0	0	1	26	0	0	0	0	0	1	0	30	2	7	4	10	4	0	0	0	0	6	7	0	
22	3	7	0	0	1	12	15	39	0	1	33	81	66	20	0	3	0	0	0	0	0	0	0	12	14	31	12	0	0	11
7	0	0	22	0	1	13	31	73	0	0	19	1	14	23	2	1	1	0	0	0	1	4	7	3	0	0	0	0	0	0
0	40	0	0	0	0	1	3	6	19	3	7	4	16	0	0	0	0	0	0	0	0	6	10	8	10	1	0	10	17	
0	46	0	19	0	0	11	0	0	1	29	0	0	0	0	0	5	0	0	0	0	16	0	27	8	22	4	0	0	0	0
0	0	0	0	0	0	0	0	6	16	15	0	0	0	0	0	0	0	0	0	0	0	0	0	0	0	0	0	0	0	
0	0	0	0	0	0	0	0	0	0	0	0	0	0	0	0	0	0	0	0	0	0	0	0	0	0	5	0	0	0	0
0	0	2	18	0	0	0	0	0	0	0	0	0	0	0	0	0	0	0	0	0	0	0	0	0	0	0	0	0	1	0
0	0	0	0	0	0	0	0	0	0	0	0	0	0	0	0	0	0	0	0	0	0	0	0	0	1	0	0	0		
0	0	0	14	12	0	0	0	1	0	0	0	0	0	0	0	0	0	0	0	3	0	0	0	0	0	0	0	0	0	0
0	0	2	0	0	0	0	0	0	0	0	2	0	0	0	3	0	0	5	3	0	1	0	47	20	0	40	0	4	0	
1	12	10	0	0	0	18	15	12	0	4	0	0	19	1	5	0	0	0	7	74	1	0	0	0	0	63	56	0	0	3
0	1	0	22	40	10	2	0	3	5	2	3	13	22	5	0	4	24	6	89	1	5	0	0	0	0	0	0	14	0	
0	0	0	0	24	13	4	1	0	22	0	30	24	0	4	0	0	10	20	19	87	43	46	0	0	0	0	0	42	15	0
0	20	18	10	26	2	7	5	0	4	0	0	16	0	1	12	35	4	1	2	18	23	29	23	4	1	0	11	12	1	0
0	29	0	0	0	0	0	0	0	16	2	8	0	9	0	0	0	2	3	0	6	2	1	23	27	5	7	0	0	0	
0	27	0	0	8	5	15	23	2	0	1	0	57	0	23	0	0	0	0	0	9	46	44	38	1	0	0	0	0	0	1
1	36	0	0	0	0	0	0	0	0	0	0	0	0	0	0	0	0	0	0	3	0	0	0	0	0	0	0	0	0	
0	0	0	0	0	0	0	0	0	0	0	0	0	0	0	0	0	0	0	0	0	0	0	0	0	0	0	0	0	0	0
*